ID	p.adjust
GO:0071546	0.0050614460216879
GO:0043186	0.028617405664055
GO:0045495	0.028617405664055
GO:0060293	0.028617405664055
