ID	p.adjust
GO:0030527	2.19932822428238e-05
GO:0020037	0.0127365120300195
GO:0046906	0.0158891775135305
GO:0005506	0.0343486198715388
