ID	p.adjust
GO:0000786	5.0521678901688e-05
GO:0044815	0.00554258963364754
GO:0032993	0.00598760471232547
