ID	p.adjust
GO:0000786	5.14217427002561e-06
GO:0042613	0.0401391851776403
GO:0042611	0.0401391851776403
