ID	p.adjust
GO:0060293	0.00298809578728362
GO:0045495	0.00298809578728362
GO:0043186	0.0358850965349926
